446
994787 475106
764430 18030
42507 349567
468376 677096
601363 429468
732967 198902
675471 609843
500968 419405
520320 865597
239389 797899
337667 341328
289 667295
957152 45097
991887 415258
268823 714275
768382 559384
242051 406992
108851 180542
468851 639257
148708 460748
303413 435726
351662 135438
834708 491154
465754 514683
125276 749936
693966 353912
376901 102746
928080 261917
942618 572136
43845 522381
394556 313037
936213 174921
178421 989488
185283 952580
737940 605498
986787 204977
376389 665800
255340 249744
537365 621368
614356 689654
633251 914912
323441 108792
27360 583164
62251 218358
284535 295630
889176 961160
345025 913576
623933 303605
847731 138365
365027 444928
431479 584884
846199 955677
476744 663619
860431 920912
415297 984065
35692 508311
431545 602499
833574 507372
106849 328741
760087 293087
316926 479391
427326 355992
482449 919123
285378 10166
94268 966966
555734 141786
287214 761117
140672 893027
120220 973666
57459 989589
135547 345729
251885 14877
716204 373829
482588 309793
738139 619954
335753 334376
22650 540615
329204 265969
134409 434270
495572 328328
141866 91877
796132 847060
59281 1926
210055 309022
823446 509140
368268 766764
823203 155160
156731 773842
196128 539853
800898 662797
334321 433511
561277 384832
300009 543046
319399 318671
141709 289377
14206 425856
423015 188582
100752 880652
628559 945978
946295 835021
495544 170125
353252 292554
734243 692887
204181 160002
47170 842008
560834 421019
834153 654268
417520 33944
479343 940144
708413 593951
656220 314994
99111 19589
657957 797135
554657 524748
363024 339793
669412 919278
79725 711745
268577 844993
178393 470582
846819 898498
116238 382879
996369 718267
187413 537137
95154 20619
89636 568243
174885 257724
188734 866271
69740 40480
183790 377820
658163 720105
728096 624659
253477 554485
444897 862337
973411 698827
691976 880477
224332 854858
375395 806865
272848 788821
90253 419009
245643 85720
875117 889721
797816 445760
906815 597375
120637 548639
533570 616816
921572 12344
146995 773544
502588 255311
527259 691610
87148 134296
460761 94775
101995 75031
625964 730841
206709 38716
970548 680658
482214 74606
61860 486162
338801 397468
182653 485899
384922 898367
265409 981860
709894 748239
111090 378011
776846 285941
721910 228812
396636 695927
992820 215066
59140 75431
452626 424824
235217 367033
223248 958665
130836 289671
874387 801516
774250 839691
390912 107282
247762 153198
41584 527913
337576 522000
540250 985132
868333 137613
524446 330891
513404 701321
41374 671738
927637 382973
427524 742634
636183 737188
695732 607324
231198 92884
302269 135270
77615 620488
956585 159217
909848 750939
957630 952824
413227 871570
393199 684404
127088 256160
422563 800660
780888 999947
777649 873397
480369 325112
564363 302563
997695 998222
423153 410559
787683 758327
116725 885607
251622 592928
652843 236071
200874 418704
121446 902991
434346 224910
527863 944660
837081 19548
37657 754965
431657 981922
213723 106273
369709 69885
22512 918033
937845 956086
613799 543842
270344 574733
137231 42573
610490 748878
148886 853297
643012 337960
482398 529029
632048 96287
811724 700984
842195 965413
516428 242842
994639 836808
875384 683641
315997 915947
61107 278267
74452 694937
884437 786098
365884 198027
748113 931238
312164 602793
807799 721844
764389 559561
910417 291431
65790 532565
482173 691625
422197 268604
172481 113686
952350 62400
724975 345233
546016 832609
243150 878946
244792 148419
745666 981630
978631 253865
665152 204864
140538 825502
734399 272578
662561 668788
525101 16235
968097 809494
756859 44914
418718 468718
377926 135416
648120 223509
334248 906650
481467 249884
889614 202879
975323 920960
337274 752024
481512 190172
952188 88065
537682 127999
73086 430689
817996 700389
274821 200685
339292 378000
694041 116173
611228 447643
704981 362634
443315 960760
307218 158777
677449 98516
783539 150662
201413 359055
413581 458067
217035 379681
287719 869973
886069 395233
555701 640113
157542 303620
765816 568897
792218 60471
302941 574633
343013 657093
317573 754793
124572 249373
953011 17200
10933 100028
124140 721346
237062 872558
578796 411662
248259 472474
481501 647404
40802 69897
299369 137938
367911 157278
341299 877523
646968 497048
904094 740347
397152 596150
612941 44362
561017 907958
208718 921617
119239 306757
730904 943100
994637 505969
772369 337739
359776 998518
241154 318019
111840 786212
854359 478823
459152 634748
410559 971414
275610 841915
739701 171101
122493 538802
113233 854985
611498 357300
812244 485250
88514 891890
497695 53874
454589 759727
4339 86172
308684 220207
188758 823488
496224 253726
501927 309411
578127 719035
28057 89284
696912 709585
833978 499335
809631 511483
607114 69650
281808 629152
725164 394265
392205 189512
96851 932062
385186 661495
340689 593693
325568 234898
127461 642657
160306 391092
802175 392743
71990 167806
722536 419376
421073 371193
103511 519050
316881 520611
541363 448850
131911 625019
805567 557183
79540 984634
933290 777172
312238 87450
138695 95801
865470 327454
558075 534709
171971 709866
391899 882671
801662 928431
576116 905125
544446 200783
717605 522724
946259 30125
662477 498751
933172 624951
730917 504291
214003 53242
348611 40481
738822 333574
532279 588683
608871 572779
445680 532330
482869 948291
32440 848274
705306 803019
553395 300820
94265 371595
708638 888231
569455 689030
908270 589350
575581 46332
170898 37062
561809 952329
75191 605708
615012 936940
167361 541126
712666 688361
236225 184873
960638 955086
907537 48271
611809 363459
80559 477272
623372 802359
832408 915748
3811 308931
549477 322645
224982 452667
210267 127565
530380 59937
940293 219671
57601 747005
187208 856427
311139 136806
123132 51520
671131 823240
171179 955434
304251 116456
874472 977476
54944 353580
678491 914673
638299 91573
581354 150795
730294 812372
21706 67879
356827 865198
820164 172956
319830 246895
467790 84312
266942 478383
563893 444449
410643 273794
745454 31004
833387 918575
21787 822273
777220 273828
30587 540537
309494 106381
365281 244287
280744 7563
788674 869511
546420 508368
844135 230577
11117 124696
103126 882849
172071 973559
46675 421995
488139 289636
