100
194474 -577436
891475 -254534
366518 676498
661703 -157896
-66795 630925
-285301 -886000
210810 -57593
110299 -257047
-494249 -41495
609487 -188932
-516397 776055
933748 32146
-28018 493151
-840814 -819577
183719 -198441
255066 -907127
-529963 -755093
807261 770697
370361 -301787
549709 478358
-899680 578956
-871709 464267
-798037 -300317
738879 344284
-628196 639033
72431 -286346
71471 -658449
775616 626717
968461 -782548
-725273 403580
-40732 -23818
-904139 -780542
198328 -804227
-543937 511944
-457193 687809
668782 21646
-445461 743447
443676 -569230
54322 183008
-858983 66329
531418 -607794
-94910 496638
-257299 -456156
393208 -65902
958336 697981
-78149 -923714
-519649 482729
247598 -378406
961032 -808684
-384110 -446249
-90964 -657790
-922661 -72600
709140 -239013
-389336 668366
-588348 -106506
671370 -374002
-299872 199763
-39821 -988675
-752350 92823
351125 626506
-755976 -368329
-138560 -897895
762927 92352
325130 -882568
-542447 555870
400475 828197
-917409 -312532
307189 -138177
437341 -271549
342704 236227
843748 -356814
-304304 -698123
-975523 113711
886792 -697996
-291527 937820
-200796 -625843
-351293 -712647
-337257 -385320
952593 -141943
326828 -192262
-110145 -425765
-862942 483857
567840 51390
-784945 953032
50987 576511
719348 603626
-100976 -65660
-668932 -308559
942329 44825
586502 -990833
351715 632532
-720052 -546366
-762264 959831
723790 -926098
248845 457153
-486497 -706623
-336148 280131
-646467 796150
183768 962508
-958179 -206145
