1000
371437 -59189
282261 687928
-695467 -81194
-320990 -599618
633889 128243
740441 -185660
145479 -455161
128223 -960016
-465733 102219
-404420 -155382
-194811 -48839
906981 884665
-83875 -261398
-693665 -560158
796563 257739
686187 -705881
753186 -862272
177633 607953
-819977 -817150
-580414 3289
-597730 237092
-302978 -634878
25650 -567694
143514 -150804
-944290 168020
-840939 532956
505223 -846342
-316812 -667934
-203751 -443893
-542036 -619302
99653 -206942
-672247 96955
-143217 -512098
490492 -825606
-854355 566637
545586 -54924
741492 27097
-275924 671612
912579 -122169
-200549 -749832
-325335 147207
921376 -589984
307053 -513336
-386002 -608820
-521351 62728
29469 892096
-916148 -241512
-681811 216618
995046 565058
965502 884767
591666 504591
265504 295663
961069 -931772
991762 -684138
299381 -154821
37012 -607433
776939 642697
-68912 -670422
-333602 -753838
-111512 408798
-364272 333592
35700 -117717
-937986 -868449
-157494 -446269
-378575 -74910
-110999 -696080
-249680 521114
934219 898312
-828223 662984
52061 -25853
-872663 -239579
-598100 707435
669207 -290560
-741101 -282462
-541662 372317
-85358 861708
-740074 60042
37280 -924275
-571819 -787658
-337162 -145242
262789 -60925
-28684 9014
105752 -147459
-890832 -716961
-185580 931884
385916 -495286
405876 877295
247910 616161
-232339 -920273
835856 147569
751962 -743459
345755 -17523
477010 598300
-138699 113427
496669 -772550
643745 -211315
399280 552627
367091 -510113
346712 168211
773206 -62583
-603288 240539
558554 615303
397772 331154
-219108 -987914
-395600 528646
-321758 882246
33271 -446826
-30100 195050
816160 -839359
969769 655929
951271 254497
819868 44983
584824 399210
-837959 -44732
916981 719052
913116 -811875
45564 -46482
-484827 200215
110841 936446
-554000 -709167
-607177 -396448
344998 -466207
-242951 -675843
-761423 -724304
-833914 -348246
-295009 -78056
849620 -174793
90362 990365
-176969 -607915
-281074 24681
-30867 32992
20856 439893
-871909 -917929
967406 635149
250298 -949208
329790 -881590
788769 -436596
334084 -36218
934096 -985938
315251 120017
879634 -108453
356971 -909729
-384306 -494078
-375416 794533
736025 187638
77065 669352
881180 -31817
502736 -974806
-690019 -328476
-353333 -775828
-726152 -230264
696493 300336
350076 94975
-736345 -488457
320895 -689596
-236916 -869247
-162139 -138825
828946 794168
761730 -843354
621102 -850409
128074 -116638
798202 213081
281102 -442989
150718 306779
-352250 -365198
-78253 -878118
698332 -329348
195975 458229
639610 -656515
474758 978963
-146236 938845
200271 72238
-645693 -251610
-700829 -73279
563427 475851
777945 45571
-279834 -546811
-203789 582100
669118 -623166
864837 47782
-951353 255930
352996 925126
474249 747929
136166 -401688
-525573 -832166
349122 -230263
-349420 -382842
-440283 167635
-548393 707774
-966866 434141
877443 985199
424512 517631
279389 173504
578303 97484
821306 885758
-975139 -552450
973560 244201
610749 774766
338375 -858728
-607677 179064
475247 -807170
565914 -75588
-364993 -777102
938302 249944
-643701 -201665
-534514 -888281
-18134 643201
-461039 -515767
-80752 821347
504921 -622867
34919 941969
-956622 -2680
676477 -59088
-634802 -942703
-9703 328744
2743 518511
-964480 155718
-304436 -172689
419981 -606712
945933 -983601
644806 -364018
158924 213454
-441005 -66360
874988 -925584
381927 967875
530835 884864
-432068 -95245
120390 862200
483195 454786
-424648 -900906
351591 -230244
-255521 -886467
247637 -89700
-406858 152414
-360550 -74055
126756 819198
-601508 293055
-71756 168904
-298914 -382228
491510 -919103
904352 -130262
-657044 245910
815716 232732
-785818 -225304
-980559 -462929
22910 530195
-798801 977942
17484 -526928
-198992 934471
-871192 -379465
56784 -835902
19559 146747
-24954 808191
323926 -956004
506126 -625826
391736 -684863
583619 -335172
14196 930708
891067 -888527
-408262 384841
-626300 -510098
-958538 193004
271471 -60562
-326088 689095
110757 -231204
857224 30291
813126 525820
668363 -806466
67752 47794
-97147 178771
-751133 619797
-21977 -842060
326244 474267
606320 844509
-232907 -561038
-265180 982454
-203421 -394776
-613948 -488573
342379 -451834
155840 591158
-890037 615351
-150226 891273
243313 261701
-262659 -536331
-450006 -822158
-833108 -465773
-305851 -607090
-761915 424895
779327 -569271
-193729 802702
-71982 979841
-761533 -562618
-595430 -706194
-393627 131449
-273302 973657
508451 -843842
789942 867595
-394836 574963
866581 -404842
732767 -502093
-805220 -652100
-89410 698680
-188774 -791842
677295 -880980
432676 60747
372093 911950
-556567 394899
100016 785361
-684180 -324885
391425 400166
166236 -128391
288761 -463461
712392 143675
-464309 -554125
531966 -286834
-275270 -708826
-93967 -427421
-176151 120645
804652 490925
534611 806582
150582 110767
-248286 -784932
-757852 712843
930833 -381031
-762002 -660145
691267 -848881
915251 114132
419508 756544
961266 425028
566739 -41835
-848629 761601
588759 624467
580941 -35374
259765 518656
993878 -911639
-290251 -154750
252552 -790248
959066 381130
704945 -43897
180548 -288674
145012 712778
810233 258375
-113580 -154709
-270511 992076
-3195 -819020
-205469 354436
-860399 447042
-973983 -738493
-481077 956348
-533446 193
-95141 842307
869429 -3177
232810 975560
-859520 659287
-543087 -860779
214306 -281635
853544 -138388
451497 636308
158251 -356543
26174 727727
914442 424388
-225467 -739680
924633 265176
754888 402944
-503482 390080
397515 -194743
902065 134312
-973764 -351663
889359 -455027
328721 290712
891576 764453
402507 840376
618732 80530
558843 938435
579884 352142
546453 -229137
675572 962389
937805 -49034
-800292 370509
759960 592436
-576277 -746165
-980080 933316
480209 114531
-947386 487421
-838500 925535
991849 -333166
-344022 -653237
28715 -25011
664525 -115117
627215 -885182
-849786 -912667
143431 212588
638640 60764
428900 339021
106265 -962187
-392171 432560
-333737 -853416
684531 150938
852427 -132125
737170 -179083
-175354 253615
-747706 -397500
-893825 366356
-237658 -722840
250600 263047
-567553 807935
-988157 535294
-44098 350317
201503 542031
-236595 -191207
-114788 317185
163482 648052
-637811 -576434
406906 -460370
-453311 159471
398081 865157
928440 531100
761364 -783949
793395 -162289
-463377 315149
708817 787250
-392198 537393
-780669 -817097
-46720 -547328
-325604 -802067
907017 -228090
-197785 589136
-725719 -523720
956667 -376489
453293 -58218
-875592 774218
-687699 540096
-872994 681196
453048 -593114
-457433 -798398
264831 -918783
463952 -431352
-808045 688284
-325436 530147
341231 451144
-770664 287146
-447725 -552829
-45796 487554
401463 957351
-234037 988769
-440495 -192584
-610152 883373
-641317 -108054
543431 -539124
813872 149048
352436 833634
-346541 -988801
-45738 -963463
-976210 910353
-198427 -834557
-779227 -456231
562696 -926083
886551 -50976
663546 827262
980627 -413715
242188 819613
111210 -886701
826285 487802
-970825 392281
453819 -415681
-966210 -385444
-19708 -285741
33040 -771984
79229 -961051
-301184 353613
410248 352054
760430 -708958
-135206 -924893
565387 474632
585775 799440
-344278 162682
886614 887501
-939124 383565
818566 -520311
-96643 -659874
710885 424023
-540749 -55225
-758167 582334
-445490 -699547
974207 -412567
-579133 -522881
617386 -898123
-181811 -596678
981730 -316866
-138480 -709593
-383811 -209336
204656 694415
-218265 -612138
846573 -920456
-563856 -981259
602607 -271327
-494059 -921772
894846 -526996
447825 -693445
-659519 634427
-872318 -556140
558665 -539797
730347 804226
629926 963739
-970486 -634855
-509334 -266704
896846 603794
587986 -204100
670666 -416987
-684535 470350
-747852 -742259
-922226 -498983
808922 508025
345047 -737109
-333352 -466825
-944089 555730
329965 -574096
-671688 -779402
-21122 -416639
-658369 -507052
-248928 493336
830748 919527
-40145 -442844
-417585 -58145
-876713 -303141
-452080 -548058
-267758 7371
381225 -974617
-125765 -617554
-629531 463262
-462036 748884
-441020 -795017
23979 327360
-380122 373590
248416 -619209
-767898 390839
386184 466182
-776737 219250
-143617 816343
595724 -675237
723389 -756582
469009 -726321
-48146 940169
645911 139404
-75569 -704274
308322 -579464
221701 -309476
929650 -680347
-218707 -784559
243696 661379
-379336 101656
-410978 729323
618091 -939448
660242 842927
783384 953121
-413354 204940
826227 -323358
286328 -977423
-992653 -518220
374052 -942975
-981083 -932392
-984678 313822
-708008 110491
-856192 -273121
-278410 -783047
-537141 -520153
-377138 -174428
930018 -430724
-81043 -53362
-444047 -278189
-683208 213230
-603549 807199
165032 -460839
433176 -162994
140583 -979317
-581326 978541
122487 -91787
431964 -318730
-856917 499690
-964879 596735
-308078 186129
-133149 109943
613354 206602
-834755 -44193
518067 176691
1532 -506465
-728690 751798
-621753 57699
913682 706503
-3030 38802
666658 759459
-112785 -919333
771768 253097
82110 300189
822759 -351263
559302 854023
-645441 -312919
-364086 -261873
428112 972533
-342763 681638
390861 423703
412684 124949
236360 25361
472838 -481108
-227430 543108
-3820 -557467
-623577 -632895
-296874 244602
836933 -746247
771966 540222
930019 893264
-932734 -62372
-587360 549603
-510271 -992805
59021 -526132
-742881 106838
696456 89348
834549 640051
-987910 46951
995186 373745
-559054 -706773
-305216 652891
428523 412310
-427868 -835879
985879 77717
985753 831653
492550 436077
572401 -868721
-424489 152449
26835 12999
145387 576100
-418735 194384
270849 -698727
-290640 -857974
413242 -958251
902269 195194
664729 139649
247816 -391065
-109548 -24224
-876092 604537
-616923 829252
-693486 124210
-713535 -542030
-525565 -171009
795916 -237453
-594818 726973
119184 -677132
25708 -223670
-774563 -290067
-907856 661551
-439816 -725882
771545 -548778
531377 776122
454133 -57787
769152 -921637
-576444 -923456
-222766 314495
603328 286737
135848 892531
242572 854502
-61435 636543
826307 381995
919575 151523
707323 344135
357263 -929766
-83646 -491689
293861 -277076
365371 661091
-2932 -939516
735726 -831155
-861660 -229136
-754367 800323
-415004 -642512
621658 119342
863660 -667243
-375074 -389179
720562 178261
290936 836336
52840 292439
904146 691560
391103 314406
294661 483647
-265271 172205
662062 -474178
108667 -475349
-188621 -199941
-209769 -408146
95995 -159414
776345 -969639
996951 -693585
461068 -258920
-217625 423190
-538793 341095
-806946 -203628
-295833 616175
-199504 -953115
376469 270263
765131 387299
-69238 -58990
-765706 -703036
-94286 622144
-920559 77568
396864 652343
-864395 740979
686338 364704
671380 947275
12706 634365
913861 125024
-169782 86294
807393 604527
-944565 495485
213806 505421
951283 -24740
-462287 594387
614593 615721
-597536 -810703
121757 -650103
590396 -750619
370069 -911507
195321 -222846
-749488 -953212
489859 -42028
944896 -753428
358381 -127892
-321219 -878960
-524035 -44320
-653457 731797
248226 90728
382453 48811
895214 821937
154273 -130734
874798 -107572
426305 20488
-97203 -424983
91652 -411137
314622 -912787
-420491 -923443
-934847 777268
338115 579277
-294142 -247938
-96137 -894703
-311963 -30310
-996667 705659
-796589 459321
-735978 -926743
-166802 -621481
956349 -199764
-424710 -734265
-429326 926062
-58121 -372819
324778 -605733
-663526 7954
61909 -659235
60875 -300197
666994 877555
-719851 965226
-465220 795267
515965 -185634
543900 -408353
206317 -178802
-833542 864204
-523643 364810
167093 -536541
958391 -559495
626737 704957
189253 -55169
-899870 -627835
508707 -572105
-920243 -263001
226137 -899435
-878026 -866850
-781948 -542360
783305 -518626
-334348 -176037
68928 -342156
371644 -13573
321552 918415
286086 -334419
895771 -218945
581221 384238
-44701 530333
-537591 -912739
265851 871993
-823634 102137
-468875 211867
161776 873690
323653 -608979
-527267 -944248
694056 -84866
-768593 -662964
-952161 -678548
-762434 110142
363005 -696661
-990333 -177074
-955630 127542
-942014 145617
-145481 518912
990449 -169534
-109737 -583612
-623954 123414
343356 762934
385153 -963990
-863798 48313
-243674 -464214
-584731 -330055
269165 273772
171543 -815569
-682761 115855
-414804 -549248
-201308 427430
-236075 -47764
-623519 596486
42499 101131
-472660 -26377
-497362 -483453
-304560 -162447
171383 424519
992454 858615
803780 -351600
-40778 334242
104686 -218337
-338758 -980185
-568710 272991
-766091 -769927
-881757 595770
-791513 664046
552150 453736
596774 -523521
163091 332602
453108 -851534
529925 840893
-69687 362846
-151879 -265318
-554675 -528540
-157147 562794
-317212 914255
729295 -554919
456295 -298942
-113887 361652
285462 782343
795486 776824
919060 -414965
942821 -190877
-744839 760401
-356693 -141336
116291 238763
-289091 -422429
-993291 658386
-224043 -848796
-44987 -625977
48391 511295
-477750 -500388
157028 -527236
-743160 -473698
-413337 501185
726637 -400824
902417 -966717
-389486 -119230
-646111 -957632
-192860 502508
-321517 889940
373439 354961
601789 -989136
-369135 574337
209726 -86085
-800073 215240
947662 248813
-430812 729428
774936 256243
-409404 670218
974266 -240514
558857 65772
24623 769092
412455 -577209
-761642 327913
346722 51638
-930396 -595255
-28774 59188
465683 413465
-892006 928513
408291 -777501
822648 -701814
433610 997539
300815 -565403
636569 -781284
502486 -353074
-335879 -380474
914376 -10804
-600469 612836
312414 -360104
122651 455681
135717 388895
147898 -517251
-521766 -80868
-673431 -452645
-602179 -201060
975398 560273
-51454 376487
592503 792936
-358487 -816905
-949612 -338947
-458374 926926
-218800 -182143
155278 -566370
103976 -708955
672042 469139
434578 -541585
633659 527907
339236 -704015
-997086 -933669
11913 924744
-350186 279547
-811749 934284
-147516 -823096
959173 159260
809738 614408
259943 -505199
332013 -152973
-136588 205498
155053 526856
-491082 412464
-371594 109980
561525 -630851
760695 -299630
3987 -396276
-356061 -783143
-494756 534391
-233014 264386
-355770 997431
-951511 17862
857155 -448901
180017 -441349
-158836 -647247
801603 -922333
308660 -602537
409721 -786806
-662417 -739874
172575 -114057
1405 -342375
-332373 170712
-330310 -624046
-165236 -461149
737191 571750
-745647 -132287
-880650 436369
993180 784734
264255 -245135
-673860 -971157
685678 341021
-203049 -435720
-853911 -289264
974832 -345651
-552780 -217337
978575 -242949
708297 592442
148087 -32332
272379 -148408
366381 -356552
-818658 -618614
-446430 30468
308288 924281
-200792 993012
-386667 706948
-140380 -166443
313492 -7159
431983 -185912
339622 -90294
-919215 252981
997556 -175453
163182 941422
161713 656979
821172 450060
-402063 116776
-636648 -795370
265931 -300536
478812 -827602
-556296 909754
-558129 -994468
-708072 -315981
426694 755001
-842853 -799741
-425665 543054
-809189 17776
-105703 -511982
886608 -797509
235260 -374090
-268092 138405
895560 378343
187524 979409
884715 158413
894858 -376042
-400270 526566
-85826 948211
-8951 -860321
273705 397644
52877 -722237
692660 -274440
-829603 -570363
-34340 314460
-6972 -418200
